12745007
11825004
18235002
19375005
12755003
14445002
13495007
19405002
12755002
19375004
18245001
13495006
13505006
14445001
14435001
19405001
11825003
15415006
13515002
15415005
14415004
16465001
10645001
13525002
17415004
19395002
12745006
19395001
14425001
19365004
19355004
11815005
13495005
13525001
13505005
12755001
19385002
11815004
19365003
19355003
18225003
10635002
15425003
17415003
18205005
12745005
10635001
18235001
13505004
19375003
11825002
15405003
16455003
19385001
19365002
19355002
13495004
17415002
16455002
15415004
15425002
13505003
14415003
13515001
10625001
16455001
19375002
18205004
15425001
18225002
13495003
18225001
18205003
18205002
13495002
11825001
14395004
14395003
14385002
19375001
14415002
10615002
11815003
12745004
18215001
14415001
18205001
19365001
14405001
13505002
15415002
12745003
12745002
19355001
11815002
19345001
14395002
15405002
16445001
13505001
18195004
15415001
17415001
12745001
13495001
11815001
14395001
18195003
10615001
12735001
14385001
15405001
18195002
18195001
16435001
17405001
18175005
11805002
12715003
19325004
12725001
17395001
18175004
12715002
16425001
19325003
18185003
16415001
11785006
18185002
19295003
17365004
16385002
19315004
16375003
17355002
10605001
19315003
17385002
19325002
12705003
11785005
10595001
16405002
19335002
12695002
18175003
19295002
19315002
19335001
12705002
16375002
11765004
19325001
10575002
17385001
19305002
12715001
12705001
19315001
17365003
16405001
19305001
16395002
12695001
16395001
18185001
10585001
16385001
19295001
11785004
10575001
17365001
11795001
16375001
12685001
17355001
11765003
18175002
11785003
17345001
19285001
11785002
17335001
16365001
11765002
18175001
11785001
11775001
19275001
16355001
19265001
11765001
17325001
10565001
11755001
16345001
11745001
17315002
10555001
17315001
16335001
12665001
10545001
19245001
18155002
10525004
11735002
16325001
11735001
18145004
16315001
18155001
10535003
17305001
18145003
19215003
10525003
10525002
11725001
18145002
19235001
19225001
12655001
10535002
11695004
10525001
18145001
19215002
16305002
17295001
11695003
19195002
17285002
16285003
19215001
16305001
12645001
19205001
16285002
16295001
10515001
12635002
17275001
11715001
10505001
11705001
10495001
10485001
11695002
16285001
16275001
12635001
18135002
11695001
18135001
12625001
19195001
11675002
16265001
10475002
18125001
10465002
10475001
15395002
10465001
12615001
15395001
17265001
19185001
16255001
13485001
11685001
11675001
15385001
11665001
14375001
17255001
15375001
14355001
17245001
19165002
19175001
10455002
18115001
11655001
11645001
18105001
19165001
17235001
18095001
14345001
16245001
13475001
14335001
14325001
17225001
16235001
15365002
14315001
15365001
16225001
15355001
16215002
10445001
16205002
11635001
17195003
11625001
11615002
17215001
16215001
11615001
17195002
16205001
16195001
15345001
12605001
15325002
16185001
17205001
15335001
15325001
17195001
16145003
16175002
14305002
16175001
16165001
16155001
15315001
19155001
11595001
16145001
13465003
12595001
15295002
12585001
19145001
10425002
18075002
14285002
11565003
19135002
15305001
17165002
14295002
11585001
17185001
17155002
15295001
13465002
12575001
11565002
10425001
19125002
13465001
19135001
14295001
15285001
14285001
11565001
11555001
17175001
12565001
18085001
18075001
19125001
17165001
17155001
13455002
15265004
17135002
13405008
13455001
17145001
10395002
13415006
13415005
12555002
10405003
11545001
13405007
10405002
12515006
19115001
13425003
13415004
11535002
17135001
12545003
19095003
15275001
14265003
14275003
10415002
11505006
14265002
15265003
15245005
13445001
12545002
15245004
15245003
13405005
10415001
11535001
18065002
17105006
17125005
15255002
10405001
10395001
19095002
12515005
15265002
13425002
12555001
12545001
10385002
13435001
14255002
13425001
13405004
15265001
19105001
15255001
10385001
13405003
19095001
13415002
13415001
14275002
13405002
14275001
13405001
17125004
15245002
14265001
11505005
15245001
14255001
17105005
12515004
11505004
19085001
17125003
19075002
12535001
15235001
13395002
19075001
17105004
10355002
13385004
11525001
13365003
12525002
11505003
17125002
17125001
15215004
13385003
12515003
17105003
11505002
14225003
11515002
15225001
10365002
19065001
11515001
14245001
13385002
13395001
14235002
12525001
13375002
13365002
15215003
12515002
10375001
15215002
15215001
14225002
13385001
10365001
13375001
12515001
17105002
15205001
13365001
11505001
14235001
17115001
10355001
17105001
18055002
13355001
14225001
18055001
12485002
15195003
12505004
18045004
14205005
11485005
17095005
10345001
11485004
14195003
17095004
12495003
12505003
15195002
18045003
11485002
13255011
11485001
15185005
17095003
19035004
10335001
10325006
10315004
12505002
15185004
13255010
14215002
17085002
10315003
17095002
14205003
17095001
15185003
13345001
19045002
11475004
19035003
12495002
17085001
18045002
18045001
10325004
13335001
15145012
15145011
14215001
10325003
13325001
19045001
11475003
13315002
10325002
19035002
14205002
13255009
10325001
13315001
10315002
12505001
14205001
11475002
12495001
11475001
13255008
15185002
10315001
14195001
19035001
10305001
15145010
15185001
15155004
13275010
13255007
10265006
11435009
17055010
13295003
13285004
15145009
10275010
11465006
12475009
10295003
12475008
11435008
13255006
17075009
13275009
10275009
15155003
11445004
10275008
19015005
11465005
13275008
12475007
19005003
19025001
13295002
17055009
11465004
10265005
14185005
13285003
17075008
13275007
12455005
14185004
14185003
10275007
13275006
17075007
12465009
12475006
13275005
17055008
12455004
17055007
17065003
15145008
11455005
17055006
11465003
12475005
14185002
11435007
11455004
10265004
12465008
14175003
17075006
14185001
15145007
11465002
10275006
13255005
11455003
11435006
15175003
17065002
11455002
13305001
11465001
12465007
11445003
19015004
14165006
12475004
15155002
19015003
15165004
18035006
10285004
17075005
19015002
12455003
14175002
19015001
11435005
15145006
11445002
6995003
17055005
17075004
12475003
15175002
18035005
15165003
11425003
15165002
13295001
10285003
18035004
14165005
10265003
13285001
13255004
10265002
17075003
19005002
10295002
11455001
15145005
6995002
19005001
15175001
15145004
14165004
14175001
13275004
6995001
10275005
10285002
11435004
13275003
10295001
11445001
15145003
17075002
15165001
14165003
13255003
13275002
17055004
17075001
10285001
12475002
12465006
10275004
11435003
17065001
13255002
17055003
17055002
14165002
11435002
13275001
12465005
12465004
12455002
12465003
13265001
12475001
12465002
15145002
10275003
11425002
17055001
15155001
12465001
18035003
11425001
18035002
12455001
10275001
18035001
13255001
16135001
15145001
14165001
10265001
14155001
16125001
6985001
17035004
16115002
12445001
10255002
16105004
6975002
17045002
6975001
11415002
16115001
15135002
10255001
10245001
12435001
16105003
16105002
16105001
14145001
16095001
11415001
17035003
12425001
6965002
6965001
17035002
17045001
13245002
17035001
18025001
15135001
11405001
12415001
13245001
13235001
6955001
13215004
17025001
12405002
6945002
18015001
12405001
15125001
13215003
10225004
10235002
6935004
6915006
13225001
6925003
14135005
13215002
6935003
12395001
11395002
6935002
16085002
14135004
12385001
6945001
12365008
15115001
18005001
12365007
12365006
14135003
14135002
6925002
17015001
6915005
10225003
16075006
16075005
12365005
10235001
12365004
16085001
6925001
13215001
11395001
10225002
15105001
14135001
10225001
12375003
6915004
16075004
16075003
12365003
11375002
6895005
12355004
13195006
16075002
12375002
13205002
6915003
6875005
6895004
15095001
13205001
6895003
12355003
14115003
16075001
13195005
6915002
6915001
14125001
11385002
12375001
6905001
15085002
15085001
16065002
12365002
14115002
6895002
11385001
16065001
16055001
12355002
12365001
14115001
11375001
12355001
13195004
6895001
11365001
5995002
16025005
12345002
10195005
6885001
10215003
6875004
10195004
15075002
16025004
13195003
6875003
10195003
6875002
10205005
10215002
16035004
10205004
12345001
995004
6865002
10205003
995003
11355001
10215001
