6203001
9223002
1173001
6193001
9223001
163001
7123001
5203001
2193001
1163001
2183002
9203006
5183002
7113002
9213001
9203005
153002
8143001
2183001
4143002
9203004
153001
2173001
9203003
4143001
6173003
2163001
5193001
9203002
7113001
6183001
6173002
5183001
3193001
9203001
6173001
2153002
2153001
2143001
4133001
6163001
5173001
6133002
6153001
143001
6143001
8133001
9193001
6133001
1153002
1153001
133001
9183002
9183001
2133001
5163001
9173001
9163001
4123001
5153001
4113001
1143001
123001
5143001
3183001
8123001
5133001
1133001
1123001
1113001
2123001
9153001
2113001
1103001
1093001
2103001
4103001
8113001
113001
9143001
7103002
3173001
5123001
5113001
9133001
9123001
7103001
3133002
9103002
3163001
3143003
8093003
3143002
6113002
8103001
6123001
103001
9113001
3153002
8093002
9103001
6113001
3153001
3143001
9093001
8093001
3133001
3123001
3113001
3103001
2093001
4093001
6103001
9083001
5103001
6093001
5093001
93001
8083001
7093001
7083001
6083001
5083001
4083001
1083001
83002
83001
73001
63001
53001
52001
51001
50001
49001
48001
47001
46001
45001
44001
43001
42001
41001
37002
40001
39001
38001
37001
36001
35001
29002
34001
33001
32001
31001
30001
29001
28001
27001
26001
25001
21001
20001
19001
18002
18001
17001
14002
16001
15001
14001
13001
12001
11001
10001
9001
8001
7001
6001
5002
2
5001
2002
4001
3001
1002
2001
1001
0
1
