5075002
1105001
7075006
2085001
45001
9045001
1095001
5085001
35001
1085002
3135001
2075002
8065001
6105002
7105002
2075001
7075005
6105001
3125001
4105001
5075001
6095002
4095001
6095001
1085001
9035001
7075004
9025001
7105001
5065001
9015001
8055001
1075001
9005001
1055002
4085001
7075003
6085004
3115001
6085003
6085002
1065001
2065001
7095002
6085001
8045001
1055001
25001
7095001
7075002
7085001
7075001
3105001
1045001
3095001
7055003
5055001
1035001
8035001
7065001
7055002
4055002
7055001
4075001
2055002
6075001
3055004
3055003
6065002
3085001
7035002
4065001
6065001
6055002
3055002
2055001
3075001
4035002
6055001
4055001
8025002
3065002
8025001
2015004
7045001
4045001
3065001
3055001
7035001
1025008
8015001
7025001
5045001
3045001
5005008
1025007
6045001
4035001
6035003
2045001
5035002
2035001
5025003
2015003
4025001
3035001
5035001
2025001
8005005
6035002
6035001
3005003
1025006
8005004
8005003
7015001
1025005
2015002
6025002
7005002
5005007
6025001
3005002
4015001
3025001
3015002
5005006
5005005
5005004
3015001
5005003
1025004
1025003
2015001
5015002
5025002
8005002
5025001
1025002
1025001
5015001
5005002
8005001
6015001
7005001
4005002
6005001
5005001
4005001
3005001
2005001
15001
1015001
1005001
5001
4001
3002
3001
2001
1001
0
1
