24606003
24656001
24636003
26556004
23696001
30376001
22566002
22556003
28456001
26566001
24626002
26556003
23676002
24636002
23686001
24646001
24636001
27466001
24626001
24616002
24616001
24606002
23676001
22566001
31056001
22556002
22556001
28446001
26556002
24606001
29326001
29316001
31046001
25496002
23666001
23656001
28436001
26556001
23646001
25496001
28426001
29306002
30366001
24586002
22546001
26546001
24596001
24586001
29306001
23636001
31036001
28416001
23626001
24576001
23606003
24566001
23606002
29296001
28406001
24556001
23616001
22536001
22526001
23606001
29286001
31026001
24546001
28396001
31016001
31006001
23596002
30996001
30986001
30346001
28386001
23596001
23586001
24536002
28376001
30956006
26536002
23576001
26536001
22516001
30956005
23566001
30326003
30966003
22496003
30956004
30976002
22506001
25486001
23556001
29276001
30956003
30976001
30936002
27446002
28366001
30966002
30956002
29266001
25476002
22496002
26526001
30946004
30946003
30966001
30326002
30956001
28356001
22496001
25476001
30946002
30336002
30336001
30326001
24536001
30946001
27446001
30936001
27436001
22486001
27426001
26516002
27416001
26456007
23536003
30926001
26516001
26416006
26446005
27376008
24526001
23496010
23536002
23546002
30316001
23546001
27386007
26426007
26506002
30906004
26506001
26416005
26456006
30896010
26426006
23526003
27386006
23496009
30306006
23526002
22476004
26456005
23496008
27376007
22466004
23536001
26446004
30896009
26456004
22476003
30886010
30886009
25466002
30296006
25456004
27386005
23526001
30896008
22456006
27406007
27406006
30286007
30896007
22466003
25456003
26496001
30306005
22476002
26426005
30286006
27396006
27406005
23496007
30286005
30286004
27376006
26456003
25466001
23496006
30896006
27396005
30886008
30896005
26416004
26486001
27396004
22466002
30296005
30296004
26426004
30906003
30306004
27406004
27396003
30306003
30886007
22476001
23516001
26456002
26446003
27386004
30296003
27386003
22456005
30886006
27406003
22456004
26426003
22456003
30896004
22446004
27406002
26476001
23496005
30896003
30886005
25456002
23506002
30886004
22456002
27376005
22446003
30906002
27376004
30296002
27386002
26466002
25456001
26446002
30896002
24516002
30916001
27376003
27396002
26466001
26456001
23496004
30906001
30286003
30306002
24516001
26416003
23496003
22466001
26436002
30306001
30286002
26446001
27406001
23496002
23506001
26436001
30296001
30886003
23496001
26426002
22446002
30896001
23486001
22456001
26426001
22446001
26416002
27396001
27376002
27386001
30886002
26416001
30286001
27376001
27366001
30886001
24486002
28346005
27356003
24476002
23466005
28346004
27336003
24496002
23476001
29246002
29256001
26386003
30276001
30266003
30876002
22436002
30876001
28346003
27336002
27326002
24506001
30266002
29246001
26406001
23466004
23466003
24496001
25446001
23456003
26386002
28346002
25436002
23466002
28346001
25436001
29236001
30226005
23456002
27356002
30266001
27356001
27346001
23466001
26396001
27336001
27326001
23456001
22436001
24486001
26386001
30226004
24476001
27316002
26346003
29226001
26366002
25426002
23446002
30866001
30246002
26346002
24466002
26356004
25426001
22426001
26376001
22416001
26356003
23446001
30256002
26356002
27316001
26366001
26356001
24456002
29216002
30256001
24466001
30246001
24456001
29216001
26346001
26336001
30856001
25416001
27306002
30236001
27306001
22406001
30846002
30846001
30226003
22396001
30226002
28336001
28326002
23436001
28326001
30226001
22386001
24446001
27296001
23426001
25406001
24436001
30216001
29206001
22376001
30836001
22366001
30826002
30826001
22356001
21816001
23406002
25396002
21806003
24426003
23416001
24426002
30206001
23406001
29196001
25396001
26326002
25386001
24426001
28316001
26326001
21806002
21806001
30196001
23396001
24416002
24406005
30166003
30186002
23386002
21796006
28276009
28306008
29166007
25346008
29146011
23376002
29186009
29186008
30186001
26306012
27256002
27286002
28306007
23386001
29186007
28286008
22346004
30156003
24406004
26306011
28286007
21796005
24416001
29166006
29146010
23376001
30156002
25356009
26306010
26316004
26306009
26316003
27286001
29186006
30136008
27266004
25356008
25346007
28296007
26306008
30136007
28296006
28296005
30166002
29186005
27276001
25346006
23366001
22346003
26316002
28306006
28276008
30136006
27266003
28286006
28306005
30176002
30176001
25356007
24406003
28306004
29166005
28276007
29146009
28286005
30166001
29186004
24406002
21796004
28296004
29186003
30156001
26306007
25356006
28276006
22346002
25376001
22346001
26316001
25346005
29146008
22326008
25356005
22326007
24406001
27266002
22336009
27266001
27256001
22326006
25356004
28296003
28276005
29146007
24386003
22326005
28306003
25346004
29166004
28286004
29186002
22336008
30136005
22336007
29146006
21796003
26306006
27216005
27216004
22326004
30136004
28286003
27226004
28276004
29146005
22336006
28296002
26306005
21796002
30126006
28276003
30126005
30126004
30136003
21796001
26306004
29176004
22326003
26306003
22336005
29186001
30126003
29146004
24396001
26296006
29176003
30126002
28306002
24386002
28306001
30146001
27226003
30136002
22326002
29166003
22336004
22336003
29146003
24386001
29146002
23346003
27236003
29176002
27236002
26296005
22336002
28286002
23356002
26306002
29166002
29176001
22336001
21786003
29166001
26296004
27246001
27236001
26296003
21786002
25366001
23346002
27216003
25356003
22326001
25346003
25356002
30136001
30126001
28296001
21786001
27226002
26306001
25356001
25346002
28286001
23356001
23346001
26296002
27226001
28276002
29156001
27216001
28276001
26296001
29146001
25346001
28246003
26286001
25326002
23336001
23296003
29136002
29136001
22316004
28266001
28246002
21766002
27206003
23326002
26256002
23316002
23296002
28216004
23306002
24376001
28226003
25336001
21776001
28226002
26246002
22316003
25316002
23326001
23316001
25326001
28216003
28256001
28236002
22316002
23306001
21766001
22316001
25316001
26276001
28246001
30106002
26266001
28236001
26256001
27206002
26246001
28226001
28216002
30096002
30116001
23296001
27206001
28216001
30106001
22306002
30096001
22306001
26236001
27196001
24366001
23286001
25306002
25306001
24356002
27186001
24356001
21756001
30086001
21746001
27176001
29126001
24346001
28206001
26226002
27166001
26216002
26226001
24336001
26216001
30076001
21736001
30066001
29116001
26206002
28196001
25296001
28186001
26206001
25286001
23276001
30056001
25276002
30046001
25276001
30036001
28176001
21726001
27156001
30026001
28166001
27146001
27136001
23266001
21716001
28156001
24326001
28146003
27126002
26196002
21706001
28146002
27126001
24316002
28146001
23256001
27106002
26196001
27116001
29106001
27106001
24316001
29096001
22296001
26176002
24306002
21696002
26186001
29086002
24286003
26176001
28136001
28126001
27096002
23246001
21676006
28096005
29986007
24306001
30016001
21696001
21686002
22286001
23236007
27096001
21676005
22276003
29076003
26166001
28096004
29076002
23236006
29986006
23236005
29086001
28096003
22276002
24296002
24286002
24296001
21676004
29986005
21686001
22266003
29076001
26156003
26146002
23236004
23236003
27086003
27086002
27086001
28116001
22276001
23236002
24286001
21676003
22266002
29066002
29066001
21676002
30006002
26156002
22266001
23236001
28096002
27076005
26156001
21676001
26136002
30006001
29996001
26146001
21656002
26136001
22256002
21666001
29986004
27076004
27076003
26126002
29056001
29986003
26126001
29986002
21636002
29986001
27076002
24276001
28106002
28106001
21656001
24256002
24266001
21646001
22256001
21636001
24256001
27076001
28096001
23226001
24236002
28086002
22236005
29036002
24246002
29026002
27066001
27056001
24246001
22246001
21616002
29036001
21626001
22236004
26116002
28076005
28076004
27046001
29026001
28076003
28066002
28076002
22236003
27036002
29976002
24236001
28086001
28076001
27036001
26116001
29976001
22236002
28066001
22236001
27026001
28056001
29016001
21606001
27016001
29006001
26106001
27006001
26996001
22226001
25256002
21596001
25266001
28046001
25256001
21586001
23216001
24226001
23206001
25246001
29966001
29956001
23196001
21556004
26986003
22216002
21576002
26096002
28996002
26096001
26076002
29946001
22216001
28036001
29926002
26086002
26086001
21576001
26986002
29916003
21536003
26986001
26066002
21566002
28016004
21566001
29936001
27996002
28016003
24216003
21556003
28016002
29926001
29916002
21556002
28996001
21536002
22206001
21546002
29916001
29906001
21556001
26076001
21546001
28986001
21536001
24216002
25236002
25236001
21526001
24216001
28026001
28016001
26066001
28006001
21516001
27996001
23186001
28976002
27986002
26056001
29896004
21506001
28976001
29896003
26046001
29896002
22196001
24206001
27986001
25226001
28966002
29896001
22176003
21496002
25206002
23176001
24196002
21496001
25216001
27946004
27976001
26036003
22186001
28936002
22176002
27966002
22176001
26036002
26036001
24196001
27966001
23166001
21486001
28956001
21476001
27946003
23156001
23146002
25206001
28946001
28936001
23146001
28926001
29886001
24186001
21466001
24176001
29876001
26006003
25196001
25166004
29856002
21436003
28916002
29866002
26026001
26016003
27956001
21456002
25186002
25186001
29866001
26976005
26006002
23136002
25996002
29856001
24156004
21456001
26016002
27946002
21446003
21446002
21446001
26016001
21436002
23136001
24166002
26976004
24146002
21436001
25986003
25166003
24166001
24156003
26006001
25996001
25166002
26976003
24156002
25976002
27946001
22166001
24156001
28916001
24146001
25176002
25986002
26976002
25986001
25976001
25176001
26976001
24136001
25166001
27936001
29846001
26966001
25156001
25966001
27926001
29836001
25956001
21426003
25136003
17806002
29826001
25946002
22146004
25936002
22156001
28906003
22126003
25946001
27916002
28906002
17816001
28906001
23126001
25146003
22146003
25936001
22146002
26956002
22136002
27916001
23116002
25146002
21426002
21426001
22146001
17806001
25146001
22126002
27906002
21416001
27906001
22136001
25136002
26956001
23116001
22126001
25136001
27896001
22106003
23106001
17796001
22106002
28896001
25926002
28886001
21406002
25126001
22116001
23096001
25926001
24126002
24126001
26946002
21406001
26946001
22106001
21396001
24096007
25116002
28866002
27886006
28846013
28846012
17776005
25916002
23066006
21376004
25906006
23076004
24066003
25116001
25096006
25916001
24086006
24116003
25906005
26936001
24086005
23066005
28846011
24096006
21366008
21376003
24086004
28876001
28846010
23086004
26926006
21366007
28846009
26926005
25096005
26926004
28846008
24116002
21376002
24096005
25906004
22086005
27886005
23066004
28846007
24096004
25886008
17776004
28846006
23076003
25886007
28856004
25096004
28846005
21386003
25906003
21366006
22096004
17776003
25886006
22096003
25096003
27886004
21366005
24116001
17776002
24096003
25106004
23066003
25886005
23076002
28846004
26916004
22086004
21366004
22086003
23066002
23086003
27886003
24096002
25096002
28856003
21366003
23086002
23086001
25906002
21386002
28846003
28856002
24066002
28836003
26926003
24106001
28846002
17766004
21386001
25106003
28866001
22096002
28856001
28846001
22086002
21366002
27886002
21376001
24096001
23076001
26916003
21366001
17786001
26926002
17776001
25106002
22096001
25106001
28836002
24086003
27886001
22086001
25906001
28826002
28836001
23066001
24086002
24076002
26926001
25886004
26916002
17766003
17766002
28826001
25096001
26916001
24086001
24076001
25086001
17766001
26906001
24066001
21356001
18816001
23036006
27866005
23046006
25046005
25886003
27876001
23036005
21346002
26896001
25046004
24026005
22056003
24036004
27866004
25076001
22076001
21346001
24016005
25886002
22026005
25896001
25056002
24016004
25046003
27866003
22026004
27866002
23046005
22056002
18806003
18806002
22066001
22026003
25886001
23056002
25876003
23046004
25066002
23036004
24056001
25066001
23046003
24016003
24046002
25046002
24026004
25876002
18806001
27856002
22046003
24036003
26866002
22046002
27866001
26886002
24026003
17756003
22056001
25876001
25056001
26886001
22036002
23036003
22046001
21336002
18796002
17756002
24046001
25036003
24016002
17756001
25036002
26876001
25046001
27856001
22026002
24036002
24036001
25036001
22036001
23046002
23036002
23056001
18796001
21336001
24026002
26866001
22026001
24026001
23046001
23036001
24016001
21306002
26856001
17716005
21326001
23986003
24006001
27846002
27846001
25866002
27836002
25866001
17716004
21316001
23026001
17746001
21306001
27836001
23986002
17716003
21296001
22016001
17726002
17716002
21286001
18786001
23996001
17736001
17726001
17716001
23986001
26846001
25836003
23016001
25856001
25836002
25006003
23976007
27826001
25016003
25846003
18766004
25006002
23976006
18776005
19796005
26836003
17706003
17706002
24996002
21266003
22006002
25026001
18776004
21256003
24986002
25016002
18766003
17706001
25016001
18776003
18776002
21276001
15816001
26836002
19796004
22006001
23976005
23006001
23976004
23976003
25006001
25846002
25846001
19806002
25836001
23976002
26836001
18766002
21266002
18776001
19796003
24996001
21256002
24986001
25826002
26826001
22996002
22996001
15806001
21266001
19816001
19806001
25826001
15796003
19796002
19796001
23976001
21256001
21996001
15796002
18766001
15796001
15786001
16816001
22986001
24926003
19776002
21246001
23956002
21986001
16806002
21236001
19786002
24976001
19786001
24946003
24966002
16796003
16806001
19776001
16796002
21226002
24946002
24966001
24926002
16796001
23956001
21226001
24956001
23946001
24946001
22976001
19746003
16776002
19766001
24936001
24896004
24926001
19756001
16786001
16786001
19746002
21216003
16756002
16776001
21216002
21216001
16766001
16756001
24896003
24896002
16746001
18756001
21976001
19746001
24916001
16726003
21966002
16736001
22966001
21206001
24906001
16726002
21966001
19736001
23936001
24896001
19726002
15776002
15776001
18746001
19726001
16726001
21956001
24876003
21146006
21156009
21186003
18676006
22946005
22946004
24886002
18726004
21176008
21186002
18736004
21176007
21146005
21176006
17696002
21176005
24886001
21196001
21186001
17676002
18726003
23926001
16716002
21946003
21946002
18696004
21176004
21176003
21176002
21146004
18676005
18736003
22946003
18696003
17696001
24866002
24876002
23916002
21156008
17686001
18706003
15766001
21946001
18736002
18716002
23916001
24876001
18706002
18736001
21176001
21146003
18726002
17676001
21156007
22956001
18726001
21146002
23906001
18676004
16716001
22936004
21156006
21156005
18716001
22946002
24866001
18696002
21156004
21156003
21156002
22936003
18706001
17646005
21166001
21156001
22946001
17646004
22936002
17646003
18676003
18676002
17656004
16706002
24846006
15756003
18696001
21146001
21926003
17656003
23896002
21936001
16706001
21136003
23896001
17646002
24836005
23876003
24836004
23886001
21136002
17656002
23876002
17666001
21926002
15756002
21126002
24846005
17656001
15746002
23876001
21136001
24846004
24846003
24856002
22936001
24846002
21126001
18686001
24856001
18676001
24836003
17646001
15756001
21926001
21116001
22926001
24846001
15746001
24836002
18666001
24836001
21916001
22916001
21906001
16696004
20816004
22906001
23846002
16696003
23836002
18656002
23826002
16696002
22896001
23856002
21106001
22876002
16696001
20816003
23866001
15736001
23856001
22886001
22876001
15726001
21096002
21096001
21086003
24826001
23836001
23826001
18656001
20816002
21086002
13816001
22866001
20816001
16686001
20806001
21086001
17626002
19696002
19716001
21886002
19706001
21076001
16666002
17636001
16676001
21066003
21066002
15716001
17626001
21896001
18646002
15706001
16666001
20796001
21886001
19696001
22856002
18646001
21066001
21056002
13806001
20786001
19686001
22856001
21056001
19666004
19646003
22826004
15696002
21876002
20766002
22846002
19676002
15696001
17616003
17616002
19676001
12816003
21846004
22836003
21026003
21046001
19666003
19666002
17606002
19646002
22846001
21866003
15686003
21876001
21866002
19626004
16656002
20776003
15686002
19666001
22826003
17616001
18636006
17606001
12816002
19656001
21026002
15666003
15686001
18636005
22836002
15666002
20776002
19646001
21856005
21036001
19626003
22836001
21856004
18636004
18636003
21026001
22826002
21866001
21846003
19626002
21856003
20776001
19636001
19626001
21856002
15676001
22826001
12816001
21856001
16656001
21846002
17596002
17596001
18636002
20766001
19616001
15666001
18636001
21846001
15656001
20756002
14816002
16646002
19606001
20746002
16646001
21836001
15646001
21826001
20756001
19596001
14816001
13796001
15626003
14776002
20726002
14796002
20746001
14786004
14786003
14806001
21016003
13786001
16636001
14786002
15626002
19586002
14796001
14786001
18626003
20716002
13776001
21016002
20736001
18626002
18626001
16626001
15636001
21016001
20726001
21006001
19586001
14776001
13766001
15616003
15626001
15616002
12806001
14766001
15616001
20996001
20716001
14756001
20986004
14726006
20966010
12776004
13746006
16606003
20966009
19556005
20976005
13746005
19536004
12776003
13746004
19576001
12796002
20966008
19546002
20696008
14736002
20686005
16616002
20686004
14746003
12796001
20696007
19526004
19566001
14746002
12786003
13756003
16616001
20696006
14726005
14746001
14726004
19556004
20986003
19526003
13746003
18616001
20966007
19536003
16606002
14736001
12786002
20966006
14726003
16596002
19556003
15606003
15606002
12776002
20976004
20976003
20706001
20686003
19556002
14726002
13756002
16606001
20696005
12786001
13746002
20966005
20966004
20686002
15606001
19526002
12776001
13756001
12766001
13746001
20966003
19556001
20696004
20696003
18606001
19546001
14726001
20696002
12756001
20976002
15596001
20696001
20986002
20986001
19536002
20976001
19536001
16596001
20966002
20966001
20686001
19526001
14716002
14716001
15586004
14706004
20676006
19476005
16576002
12736004
19436007
19456007
15586003
19436006
19436005
19486003
20666007
16586001
19476004
19516001
15586002
20666006
20676005
14706003
14696003
13726002
19456006
14706002
12746001
19496006
19456005
20956001
12726005
19496005
20666005
20676004
16556003
19476003
19506001
19496004
19436004
20676003
12726004
14706001
19436003
20676002
15576003
19456004
16576001
20676001
19496003
12726003
16556002
20666004
20666004
18596003
14686003
19456003
13736001
19496002
20946003
19486002
20666003
15576002
18596002
18586002
18586002
14696002
19496001
20946002
15586001
16566004
20656002
16566003
20666002
12716004
12736003
15576001
12716002
19486001
19436002
20926003
12726002
19476002
18596001
16546003
19476001
19456002
16566002
20946001
14696001
19466002
13726001
20926002
19466001
16546002
12736002
20666001
12736001
14686002
18586001
16566001
19456001
12726001
12716001
20936001
19446002
16556001
20656001
16546001
19446001
19436001
20926001
20646001
14686001
17586001
18566002
20916001
20896002
14676001
17576002
16536002
20636001
16536001
18576001
20906001
17576001
15566001
19426002
13716001
18566001
19426001
19416001
18556001
20896001
14666001
18546001
18536001
18526001
20886002
16526002
20886001
16526001
16516001
20876001
18516001
20596003
16506001
19406002
18496003
16496001
20606003
12706001
19396003
20616002
20626001
18506001
18496002
20616001
19406001
20596002
18496001
19396002
12696001
20606002
16486001
20606001
20596001
19396001
15556001
20846004
19386002
16476001
16456003
14656003
20836004
18476004
20586001
17566001
20836003
18486001
14656002
19386001
19366002
13696002
16466001
20576002
20856002
18476003
16456002
14656001
20866003
12686001
13706001
20866002
20846003
18456003
18476002
18476001
16456001
20836002
13696001
17556001
20846002
20866001
19376001
18456002
18466001
20856001
19366001
20846001
20836001
13686001
18456001
20576001
14646001
13646003
20566001
16436002
20556002
12676001
13646002
16446001
15536002
20826001
20556001
15546001
13626002
13676001
15536001
13666001
13656001
17546001
20546002
17536001
14636002
13646001
20546001
16436001
16426001
15526001
13636001
19356001
14636001
13626001
15516001
20526002
15506001
16416001
16406001
18436002
12666002
16396001
12666001
18446001
14626001
20536001
18436001
20526001
18426001
14616001
13616001
11816001
14606001
13606001
14596001
19346001
13596001
18416001
17526001
11806002
17516001
13586001
18406001
15496001
11806001
16386001
13576001
12656001
15486001
13566001
16376001
17506001
19336001
16366001
13556004
11786004
15476001
20496005
18396003
18396002
20496004
19326002
11796001
15466003
12646001
17476007
16356002
11786003
15456004
18386002
11786002
16316004
17496001
18396001
15466002
16356001
16346001
13556003
11786001
19326001
15466001
15456003
18386001
16336003
16336002
19316001
20516001
16286008
16316003
16286007
20496003
20496002
15456002
15456001
16286006
16336001
16326002
17476006
20486002
13556002
15446002
15446001
15436002
16326001
17476005
20506001
15436001
15426003
20466003
16286005
16286004
12626006
12626005
13556001
12636001
18376002
20496001
16286003
20486001
12626004
18366002
17476004
16316002
18356002
16316001
18376001
18366001
19306002
15406003
19296003
17486001
11766003
20456003
15426002
11766002
11776001
17476003
15426001
16286002
16306001
15416002
19306001
18356001
20466002
12626003
15416001
20476001
15406002
11766001
15406001
13546004
16276002
18346001
12626002
13546003
19296002
18336001
13546002
20456002
17476002
20466001
16296001
20446003
12626001
16286001
19296001
20446002
20456001
12616001
17476001
13546001
15396001
19286001
17466001
16276001
20446001
11756001
16266001
20436002
13536002
12606001
13536001
19276001
16256001
17456001
20436001
12596001
12586001
19266001
14586002
15386001
14586001
17446001
12576001
17436001
15376001
14576001
14566001
12566001
12536005
12536004
16246002
20426003
19256001
15356002
13526001
12536003
19246001
12556001
16246001
13516002
20426002
12546002
15366001
12546001
20426001
13516001
15356001
11746001
12536002
11736001
17426002
12536001
17426001
15346001
11726001
20416001
11716002
11716001
12526001
18326002
17416001
18326001
20406002
20406001
15336001
19236001
12516001
20396001
20386001
17406002
12506002
15326001
15316001
18316001
14556002
17406001
13506003
13506002
11706002
19226001
13496002
11706001
12506001
17396002
17396001
13506001
14556001
13496001
13486002
19216001
18306001
13486001
15306001
20376001
17386001
14546001
17376001
14536001
15296001
18296001
15286001
12496004
15276001
12496003
20366001
18286001
19206001
18276002
14526001
13476002
18276001
12496002
13476001
12496001
19196001
11696001
18246003
19186006
12486002
18266002
12486001
11666006
20356003
16236008
13456003
15266001
19186005
15256001
11666005
17346007
13466001
18266001
15216004
16236007
15216003
20346004
17356006
19166003
16236006
17366003
14476004
18256001
18246002
11666003
17366002
19186004
19186003
19186002
16236005
15246001
15236003
14496003
20356002
20346003
14496002
18246001
19166002
14506001
15216002
14476003
17356005
17346006
11686001
17346005
13456002
11676002
13456001
12476001
17346004
19186001
11676001
20356001
19176003
17366001
19156004
14496001
19156003
19176002
17346003
13446004
13446003
16236004
15236002
15226002
19176001
15236001
18236003
19156002
11666002
19166001
16236003
17356004
13446002
20346002
17356003
16236002
19156001
15226001
15216001
20346001
15206001
14486001
13446001
18236002
14476002
18226002
16236001
14476001
18236001
17356002
17356001
17346002
17346001
15196001
18226001
11666001
14466001
18216002
18216001
16226002
12456003
18186003
15176004
19136002
14456002
20336003
11646003
14456001
19146003
16216004
11656002
20316007
20316006
20316005
18206002
19146002
15186001
19146001
16216003
12446004
20316004
13426005
13426004
16206004
20336002
14436002
16216002
20336001
15176003
18206001
11646002
14446001
16206003
20326002
20316003
13436002
13436001
20316002
12446003
16206002
15176002
13426003
18196001
20326001
12456002
18186002
16226001
13426002
19136001
17336002
15176001
14436001
18186001
11656001
12466001
11646001
12456001
13426001
17336001
12446002
16216001
20316001
12446001
16206001
15166001
19116002
12436001
13416002
18176001
15156002
11626002
15136002
15146002
18166004
19126001
15156001
19116001
13416001
14416002
11636001
17316002
11626001
17326001
18166003
18166002
16186003
18166001
16186002
14426001
16196001
15146001
14416001
17316001
16186001
15136001
19106001
14406001
15126001
14396001
14386001
14376001
14366001
19096001
14356001
16166003
15116001
16176001
20306001
16166002
16166001
20296001
14346002
14346001
14336001
20286001
13406001
16156001
17306001
13396001
18156001
13386001
12426001
19086001
13376001
19076001
20276001
13366001
13356002
16146001
14326004
17296001
16136001
19066001
12416001
13356001
14326003
20266001
16116002
17286002
17286001
12406002
17276001
16106002
17266001
12406001
11616001
11606001
12396001
16126002
16126001
14326002
19056001
16116001
16106001
20256001
12386002
14326001
12386001
11596001
11586002
11586001
11556002
20236003
11576001
14316001
15106005
11566001
12376001
18146001
13346001
11556001
12366001
20246001
16096001
20236002
19046001
11546001
12356001
13306006
13306005
11526003
11526002
13306004
15106004
15106003
13306003
13296003
11536002
11536001
20236001
13296002
16086002
20216002
15106002
13336001
13326002
19036002
19026002
13326001
11516003
11526001
13316001
11486005
11516002
20226001
12336002
16086001
15106001
11516001
18136002
19036001
12346001
12336001
17256001
20216001
13306002
13306001
13296001
19026001
14306003
14306002
11486004
11486003
11506001
14306001
19016001
18136001
13286002
20196002
17246002
11486002
13286001
14296002
19006001
17246001
16076004
11456003
18986003
16076003
12326003
20186002
16076002
18996002
11496002
11496001
15096002
11486001
16076001
12326001
20206001
13276003
14296001
16066003
16066002
11456002
18986002
11476001
15096001
13276002
11466001
20186001
16066001
14276005
12316002
18996001
18966003
12316001
11456001
11446001
18966002
18986001
14276004
13276001
20176001
11436003
11426006
18126003
11426005
12306001
13266001
11406003
18976001
18966001
11426004
11426003
14286001
12296002
13256001
14276003
11436002
11426002
11406002
13246001
11436001
18126001
11426001
11416001
12296001
12276003
15086002
14276002
17226001
15086001
11406001
16056002
12286001
12276002
11396001
11386002
11386001
18116001
12276001
12266001
14266004
14276001
16056001
11376001
16046002
20166002
12256001
13236002
20166001
18956001
11366002
14266003
14266002
16046001
18946001
13236001
11366001
14266001
12246001
20156001
17216001
11356001
17186004
20136002
20086005
20086004
17196002
16036001
12226003
17186003
11336002
20076005
12236001
12226002
11326003
20146002
20126002
17206002
11346001
11336001
17206001
20146001
20086003
12226001
14256005
11326002
14256004
13206003
13226001
17196001
20136001
12206002
11326001
20126001
20076004
13216001
18106001
17186002
18936001
14256003
20086002
20116001
12216001
15076001
20076003
20076002
20096003
20106002
16026002
14256002
20106001
16026001
14256001
12206001
13206002
20096002
17186001
12196002
12196001
20096001
20086001
11316001
17176001
20076001
13206001
16006004
16006003
11306002
18926001
12186002
17166001
13196001
12186001
11306001
16016001
14246001
15066002
20066002
15066001
18096001
14236002
16006002
14236001
20066001
15056001
16006001
15996001
13186001
15046001
14226001
17156001
17146001
18086002
18086001
18076001
20056001
13176002
13176001
13166001
15036001
20046001
13156001
12176001
13146001
15026001
11296001
11286001
14216001
11276002
18066002
17136002
17136001
14206001
13136002
14196003
14196002
18916001
11276001
18066001
13136001
14196001
14186001
20036001
14176001
17126001
14166001
15016001
20026001
11266001
13126001
18056001
11256001
14156002
11246001
14146002
15006003
14156001
17116001
15006002
15006001
17106002
20016002
14146001
14996001
20016001
18046001
11236001
15986001
13116001
17106001
17096001
17076003
20006001
13106001
18906001
17086001
17076002
17076001
14136001
13096001
17066001
17056003
17056002
14126001
17046002
19996002
15976001
19996001
17036002
11226003
17056001
11226002
14116002
18036001
13086002
11226001
17046001
11216001
13086001
19986002
14116001
17036001
17026001
12156001
19986001
15956004
17016001
19976001
14986001
19966001
14976002
11206002
15956003
17006002
18026001
15966001
13056004
17006001
13056003
16956004
13056002
16996001
14976001
13076001
12146001
14106003
14106002
15956002
14066004
13066001
19936004
16986002
14106001
16986001
14086003
19956001
15956001
11196002
19916003
14966002
11206001
14096002
15946001
19936003
19946002
16956003
19946001
11196001
18016003
14066003
13056001
19936002
11186002
14086002
16936004
11186001
16976002
18016002
14096001
16946004
19916002
19936001
14086001
14966001
14056003
14956001
11176003
16976001
16956002
11176002
11166003
14056002
14066002
14076002
18016001
11176001
16966001
11166002
16936003
16946003
13046001
19926001
16946002
16936002
19916001
16956001
14076001
18896002
18006002
14066001
16946001
14056001
16936001
18006001
13036001
11166001
18896001
13016002
19876003
11156001
13026001
19876002
19906001
12136002
13016001
11146001
12136001
14046001
17996001
14946001
17986001
19896001
19886001
15936001
16926001
12126001
19876001
15926001
18886001
14936001
12116001
11136002
12106002
19866001
12106001
16916001
15916002
18876001
12996002
12096001
14036001
19856001
15916001
11136001
18866001
14926001
13006001
12996001
18856001
12086001
17976001
16906001
17956003
12076001
17966001
14026001
17956002
15906001
12986001
14016001
17946002
17956001
11126001
18846001
17946001
14916001
15886003
12966003
12066001
19836002
17936001
13996003
14006001
15896001
12966002
12956004
14906002
16896001
12056002
12976001
17926001
12056001
15886002
19826003
17906002
12956003
17916002
13996002
19846004
14906001
19846003
18836003
12046001
13976004
17916001
19846002
19846001
19836001
17886002
12956002
15886001
18836002
17896001
12946002
12966001
14896001
17886001
12956001
19826002
13996001
17876001
13986001
18836001
13976003
19826001
13976002
12946001
3816001
16886002
17866001
13976001
16886001
12036001
17856001
13966001
12936001
17826003
17826002
18826002
13956001
14886002
17836003
16876001
12926001
15876002
17846002
17836002
12026001
14886001
12916002
14876001
16866001
12916001
13946003
17846001
18826001
17836001
13946002
3806004
17826001
13946001
15876001
3806003
11116001
14866001
12906001
7816001
14856001
12896001
3806001
12016002
7806001
12886001
12016001
16856001
3796001
11106001
12006001
11096001
7796001
11086001
11996001
14846004
14846003
15866001
11076001
11986001
12876001
11976001
5816001
15856001
14846002
16846001
16836001
14846001
13936001
15846001
4816002
16826001
13926001
15836001
11066001
11966001
4816001
4806001
4796001
3786001
11046002
11956001
11946001
14836001
5806001
15826001
11056001
11046001
2816001
13916001
4766002
4786001
5796001
12866001
2806001
11036001
4776001
4766001
4756002
11936001
5786001
4756001
4746001
2796001
14826001
11026001
4736001
12856002
4726001
5776001
2786001
4716001
11016002
13906002
3776001
12856001
11016001
11916002
9816001
13906001
13896001
11926001
11916001
4706001
2776001
11006001
13886001
5766004
11906001
5766003
4696001
9806001
9796001
5766002
9786001
11896001
5766001
13876001
2766002
4686001
11886001
5756001
7786001
11876001
11866002
13866001
11866001
5746001
5736002
11856002
11846002
5736001
9776001
2766001
11856001
11846001
13856001
5726001
3766001
13846002
4676001
13846001
9756002
13836001
2746004
10976007
9766001
12846004
4636004
8796002
12846003
13826001
8756004
4626003
10976006
3746003
5716003
8816002
10976005
10976004
12846002
5716002
10976003
5716001
7766003
9756001
8816001
8786002
10996001
8806001
4666002
7776001
10986001
4646003
8796001
8786001
2746003
4666001
3756005
8756003
12846001
3746002
12836001
8776001
4656001
4646002
3756004
2746002
10976002
4626002
4646001
3756003
8746003
8766001
3756002
4636003
7766002
3756001
11836002
10976001
2756001
4636002
3746001
4636001
8756002
8746002
7766001
8756001
11836001
9746001
5706001
4626001
2746001
12826001
8746001
2736001
7746002
8736001
9736001
9726001
7756001
8726001
11826001
6816001
7746001
7736001
6806001
5696003
7716003
7726003
7716002
7726002
7726001
10816002
2726001
6796001
5696002
10966002
7716001
2716001
10966001
5696001
2706001
6786001
3736001
4616001
10816001
2696001
9716001
4576003
4576002
7706001
8716001
5686001
4606001
10956001
2686002
10946001
2686001
10936002
4596001
10936001
4586001
7696001
5676003
8706001
9706001
3726002
9696003
7686002
2676002
7686001
6776001
5676002
9696002
6766002
2676001
5676001
3726001
8696001
7676001
3716001
6766001
8686001
7666001
8676001
9696001
7656001
6756003
6756002
6756001
6746001
6686004
10776002
3696002
2666002
3666002
3676003
3706002
5666002
6736003
6716002
9686003
6736002
6686003
6736001
3686002
5666001
9686002
7646002
7646001
2666001
6726001
6716001
6686002
6696003
9686001
5646002
3706001
6706001
2656001
6696002
3696001
3676002
6696001
3686001
10806001
3676001
10796001
10926001
6686001
5656001
3666001
5646001
2646002
8666001
10916001
6676001
10906001
2646001
5636001
10786001
3656001
3646001
10896001
6666002
6666001
9636006
9656005
5626002
8646002
5626001
2616005
9656004
2636001
8626005
7636004
8656001
10766002
2616004
2616003
7636003
3596002
9636005
8646001
7636002
3626002
5616005
8626004
8626003
2616002
9656003
8636001
2626002
6636004
10776001
6636003
5616004
3616003
6646003
3636001
10886001
7636001
6636002
6646002
9646002
3626001
9636004
8626002
2626001
5606003
5616003
3606005
9656002
5616002
3616002
9636003
3606004
2616001
10766001
3616001
5616001
5606002
3606003
9636002
3606002
9676001
3606001
9666001
5606001
9656001
3596001
9646001
10876001
6646001
8626001
6636001
9636001
10866001
6626001
10856003
3586001
4576001
3576001
7626001
8616001
10856002
10756001
9626001
2606001
10856001
7616001
7606001
3566001
10846001
4566001
2596001
5596001
7596001
6616001
3556001
7586002
3546001
10746001
7586001
3536001
7576001
7566001
5586001
3526001
5576001
5566003
10836001
5566002
8606001
4556001
8596001
10736001
5566001
10726001
6606001
3516001
5556001
7556001
10716001
2586001
6596002
9616001
5546002
8586001
10706001
6596001
4546002
3506001
5546001
8576002
5536001
8576001
4546001
9606001
6586002
6586001
9596001
2576001
3496001
7546001
10826001
1796002
10696001
7536001
7526003
6576001
3486002
1816001
1806001
8566002
9586002
3486001
8566001
10686001
4536001
8556001
9586001
3476001
7526002
2566001
10676001
7526001
1796001
1786001
8546001
6566001
10666001
9576001
9566001
10656001
6556001
4526001
5526001
10646001
3466001
4516001
5516002
3446004
10636001
10626002
8536001
5506002
3456001
9556001
3446003
1776002
10626001
7516001
8526002
5516001
6546001
9546001
8526001
2556001
3446002
1776001
3446001
9536001
8516001
8506001
7506002
1766001
1756002
1756001
1746001
1736001
4506001
7506001
5506001
7496001
9526003
1726001
4496001
9526002
4486002
9526001
4486001
5496001
6536001
10616001
10606002
1716001
9516001
6526001
8496001
7486001
10606001
9506001
2546001
3436002
8486001
3436001
8476001
4476001
6516001
1706001
10596001
3426001
6506001
7476001
5486001
4466001
2536001
7466001
3416002
3416001
7456001
9486002
5476001
8466002
9496001
8466001
8456001
2526001
9486001
2516001
8446001
9476001
7446001
3406002
5466002
3406001
10566003
3396001
9466001
6496001
8436001
1676002
5466001
10576003
4456001
1696001
5456001
5446002
10576002
10586001
10576001
5446001
10566002
1676001
9456001
10566001
9406004
9406003
4436005
9446001
10546003
9436002
7416002
4446003
9436001
9406002
5386004
4446002
4436004
4446001
4426007
2506004
1666001
4426006
4436003
5386003
1656001
4426005
8406002
4426004
3386002
8426001
4426003
4436002
8416001
5426003
7426001
5386002
5436001
5426001
2506001
9416001
8396001
10546001
9406001
6486001
5416003
5416002
6476001
9396001
3376002
9386001
5416001
9376001
3376001
8386002
5406001
6466001
8386001
8376001
3366001
7406001
6456001
1646002
5396001
4416001
6446001
1646001
6436003
9366001
2456002
10526003
7396002
1636002
3356001
5386001
1636001
1616002
3346001
10526002
2496001
2486001
6436002
7396001
7386003
2476002
10536001
2476001
4406001
6436001
6426001
2466001
9356001
7386002
5376001
1626001
2456001
2446001
1616001
7386001
10526001
10516001
7366002
6396002
6406002
3336001
3326001
2436001
1606001
2426001
7376002
1596001
1586002
4386001
7376001
6416001
7366001
1586001
2416001
6406001
5366001
7356001
6396001
10506002
1576001
6386001
10506001
10496002
4376001
10496001
8366001
6376001
8356001
10486001
3316001
10476001
2406001
8346001
6366001
2396001
2386002
6356002
7346001
5356001
8336001
8326001
3306001
1566001
2386001
4366001
9346001
6356001
2376001
7336001
3296001
5346002
5346001
6346001
1556001
6336001
7326001
4356001
3276004
5336001
7286003
6326001
7286002
3276003
8306002
9326004
8316003
3276002
2356004
1546001
3286004
4346001
3286003
2356003
7316001
5326001
9326003
6316003
7306002
5316001
1536002
9336001
7296002
1536001
10466001
3286002
9326002
8296003
8316002
2366001
6316002
9326001
7306001
3286001
7296001
4336001
5306002
7286001
8316001
2356001
8296002
3276001
9316001
8306001
8296001
1526002
1526001
5306001
6316001
7276002
8276004
2346001
6306001
9306001
2336002
10416003
8276003
2336001
2326001
2316001
10456001
8286001
2306002
4316002
3266003
2296002
6296003
1516001
1506001
8276002
10446001
7276001
2286004
10416002
2306001
10396002
4326003
10436001
10426001
6296002
3266002
4326002
9296002
5296001
6296001
2296001
10416001
4326001
2286003
10406001
9296001
3266001
4316001
2286002
1496001
4306001
2286001
10396001
4296001
10356002
2266002
4266002
5286001
4286002
1486002
4276003
7236003
6286001
7266001
10386001
10376001
4276002
8266001
10366001
1486001
8256001
7246001
1476001
4286001
7236002
10356001
7236001
4276001
9286001
9256004
2276002
2276001
4266001
2266001
7226002
7226001
7216001
3256002
8246001
7206002
2236002
8226003
7196002
9276001
7206001
7196001
8226002
3256001
2256001
6276001
8236001
10336001
2246001
3246001
1466001
2236001
5266001
8226001
7186001
3236002
3236001
6266001
10326001
8216001
3226001
10316002
5256001
10316001
5246001
3216001
4256001
6256001
6246002
9256003
8206002
8206001
6246001
10306001
9266001
3206002
1456001
7176001
9256002
3206001
2226001
8196001
2216001
9256001
3196001
8186001
9246001
1446001
8176001
5236001
10296001
3186002
3186001
6236001
10286001
5226001
2206001
4246001
10276001
2196001
8166001
5216001
7166001
7156001
2186001
2176001
5206001
7146002
7146001
8156001
10266002
10266001
6226001
7136001
10256001
3176001
5196002
5186001
9236001
3166001
6216001
4206001
1426001
10246001
2146001
3136001
8096002
8106001
7096001
10206002
3126001
8096001
10206001
4166001
1386001
5106001
4156003
8086001
1366002
8076001
8066001
8046002
2136001
10186002
4156002
2126002
2126001
1366001
5096001
4156001
1356001
10186001
8056001
3066002
4136003
10166001
9156001
5076001
4146001
6146003
6116001
2026002
1186001
1996001
1986002
10036003
5016001
4026002
6036002
1166001
6046001
9046002
6006004
10016005
1046002
10016004
10016003
9996003
10006002
3986004
2956007
976005
4976002
3976002
946006
2956006
1036002
9016006
5976005
976004
986001
6976001
3926001
5956001
6946002
9926002
2936001
1966001
1956001
1946002
6966001
9926001
6956001
5946001
1946001
6946001
4966001
8986001
8976001
4956001
8966001
4946001
8956001
9916001
2926001
8946001
5936002
1916002
4936001
8936002
1936001
2916001
8936001
5936001
6936001
7896001
1926001
1916001
9906001
2906001
8926001
4926001
5926001
7886001
5916002
1906001
4916001
4886002
4906002
2896002
5916001
4906001
4896001
6926001
4886001
2896001
3906001
2876001
5906001
876002
8906001
886001
6906001
1896002
1896001
3896001
4876001
1886001
876001
9886001
7876001
6896001
2866001
9876001
9866001
3886001
5896001
6886001
1876001
856001
1836001
5866001
8866001
4846001
2856001
9846001
3856001
3846001
2846002
5856001
7846001
8856001
9836001
6856001
9826001
6846002
6846001
5846001
7836001
2836002
8846001
8836001
5836001
2836001
3836002
3836001
8826001
846001
7826001
4836001
6826001
5826001
4826001
3826001
2826001
1826001
826001
816001
756002
786001
776001
766003
766002
766001
756001
746001
736001
636009
716002
606008
616006
506117
576092
566085
496031
436034
546025
436033
576022
476032
566035
536030
466026
411100
411096
421091
423089
413098
411095
412078
410005
410002
411001
410001
409001
401003
405001
404001
403001
402001
400002
401002
401001
400001
397002
399001
398001
397001
396001
395001
394001
337020
340017
183008
306010
312005
227018
221035
221006
223006
212001
164007
152015
151014
148006
157009
159006
153004
158010
151002
150002
152001
151001
150001
149001
148001
147001
142001
139001
133002
137001
134002
136001
135001
134001
133001
132001
131001
130001
129001
127001
126001
125001
124002
124001
123001
122001
121001
120001
119001
116001
115001
110002
106005
108003
114001
109003
113001
109001
106003
106002
108001
107001
106001
104001
103002
100003
103001
98001
97001
96001
93001
91001
88001
87001
86001
81003
77004
85001
84001
75004
78002
71003
71002
81002
83002
82003
72002
77003
83001
80002
82002
82001
75002
81001
80001
79004
79003
76002
79002
79001
78001
77001
76001
75001
74001
73001
72001
71001
70001
69001
66002
68001
67001
64002
66001
65001
64001
63001
62001
61001
60001
59001
58001
57001
56001
55001
54001
53001
50002
52001
51001
50001
49001
48001
47001
46001
45001
44001
41002
43001
42001
39002
41001
40001
39001
38001
37001
34002
36001
35001
33002
34001
33001
28001
27001
26001
25001
24001
23001
22001
19001
18001
3002
11002
11001
10001
9001
7001
5002
6001
5001
4001
3001
2001
2
1001
1
